_viz_1 = nengo_gui.components.Value(output_node_2)
_viz_config[_viz_1].max_value = 1
_viz_config[_viz_1].min_value = -1
_viz_config[_viz_1].show_legend = False
_viz_config[_viz_1].legend_labels = ['label_0', 'label_1']
_viz_config[_viz_1].synapse = 0.01
_viz_config[_viz_1].x = 1.467001593282561
_viz_config[_viz_1].y = 1.2804937000295276
_viz_config[_viz_1].width = 0.31818980558699894
_viz_config[_viz_1].height = 0.3774458100703368
_viz_config[_viz_1].label_visible = True
_viz_2 = nengo_gui.components.Value(output_node_1)
_viz_config[_viz_2].max_value = 1
_viz_config[_viz_2].min_value = -1
_viz_config[_viz_2].show_legend = False
_viz_config[_viz_2].legend_labels = ['label_0', 'label_1']
_viz_config[_viz_2].synapse = 0.01
_viz_config[_viz_2].x = 0.025655290811996998
_viz_config[_viz_2].y = 1.0939425783731718
_viz_config[_viz_2].width = 0.2668724062644957
_viz_config[_viz_2].height = 0.3236715412441067
_viz_config[_viz_2].label_visible = True
_viz_4 = nengo_gui.components.Slider(stim1)
_viz_config[_viz_4].max_value = 1
_viz_config[_viz_4].min_value = -1
_viz_config[_viz_4].x = 1.214415250975232
_viz_config[_viz_4].y = 0.08446368711749425
_viz_config[_viz_4].width = 0.18515812493969191
_viz_config[_viz_4].height = 0.37744583886716676
_viz_config[_viz_4].label_visible = True
_viz_net_graph = nengo_gui.components.NetGraph()
_viz_progress = nengo_gui.components.Progress()
_viz_config[_viz_progress].x = 0
_viz_config[_viz_progress].y = 0
_viz_config[_viz_progress].width = 100
_viz_config[_viz_progress].height = 100
_viz_config[_viz_progress].label_visible = True
_viz_sim_control = nengo_gui.components.SimControl()
_viz_config[_viz_sim_control].shown_time = 0.5
_viz_config[_viz_sim_control].kept_time = 4.0
_viz_config[a].pos=(0.7698406427292818, 0.4209240231464281)
_viz_config[a].size=(0.004807507739956185, 0.005432632857024976)
_viz_config[b].pos=(0.4330392099587665, 0.43322782450247643)
_viz_config[b].size=(0.1, 0.1)
_viz_config[in_node_1].pos=(0.1046567829817473, 0.6663307830549531)
_viz_config[in_node_1].size=(0.1, 0.1)
_viz_config[in_node_2].pos=(0.044351870433616214, 0.5580853315761586)
_viz_config[in_node_2].size=(0.1, 0.1)
_viz_config[model].pos=(0.2762069857914395, 0.43373878804880084)
_viz_config[model].size=(0.41461454470124637, 0.41461454470124637)
_viz_config[model].expanded=True
_viz_config[model].has_layout=True
_viz_config[nevis_model].pos=(0.7600907924330971, 0.9919616190522308)
_viz_config[nevis_model].size=(0.3308074678159134, 0.34759154155524086)
_viz_config[nevis_model].expanded=True
_viz_config[nevis_model].has_layout=True
_viz_config[output_node_1].pos=(0.11091770718038817, 0.1)
_viz_config[output_node_1].size=(0.1, 0.1)
_viz_config[output_node_2].pos=(0.49232820229347785, 0.6726227279281917)
_viz_config[output_node_2].size=(0.1, 0.1)
_viz_config[stim1].pos=(0.8988171669550399, 0.41721950500359883)
_viz_config[stim1].size=(0.1, 0.1)
_viz_config[stim2].pos=(0.5230166416183244, 0.23310251239775265)
_viz_config[stim2].size=(0.1, 0.1)