_viz_0 = nengo_gui.components.Value(output_node_2)
_viz_config[_viz_0].max_value = 1
_viz_config[_viz_0].min_value = -1
_viz_config[_viz_0].show_legend = False
_viz_config[_viz_0].legend_labels = ['label_0']
_viz_config[_viz_0].synapse = 0.01
_viz_config[_viz_0].x = 1.4093009202411264
_viz_config[_viz_0].y = 0.7958606617887211
_viz_config[_viz_0].width = 0.2668724062644957
_viz_config[_viz_0].height = 0.3236715412441067
_viz_config[_viz_0].label_visible = True
_viz_1 = nengo_gui.components.Slider(stim)
_viz_config[_viz_1].max_value = 1
_viz_config[_viz_1].min_value = -1
_viz_config[_viz_1].x = 0.031855894031942236
_viz_config[_viz_1].y = 0.8809478758739381
_viz_config[_viz_1].width = 0.13343620313224785
_viz_config[_viz_1].height = 0.3236715412441067
_viz_config[_viz_1].label_visible = True
_viz_net_graph = nengo_gui.components.NetGraph()
_viz_progress = nengo_gui.components.Progress()
_viz_config[_viz_progress].x = 0
_viz_config[_viz_progress].y = 0
_viz_config[_viz_progress].width = 100
_viz_config[_viz_progress].height = 100
_viz_config[_viz_progress].label_visible = True
_viz_sim_control = nengo_gui.components.SimControl()
_viz_config[_viz_sim_control].shown_time = 0.5
_viz_config[_viz_sim_control].kept_time = 4.0
_viz_config[a].pos=(0.41538715222326, 0.4209241889372257)
_viz_config[a].size=(0.09803921568627451, 0.25)
_viz_config[in_node_1].pos=(0.1046567829817473, 0.6663307830549531)
_viz_config[in_node_1].size=(0.1, 0.1)
_viz_config[model].pos=(0.22298451488346505, 0.19484083613174957)
_viz_config[model].size=(0.48349793772471555, 0.48349793772471555)
_viz_config[model].expanded=True
_viz_config[model].has_layout=True
_viz_config[nevis_model].pos=(0.7041671336753323, 0.6953210624556421)
_viz_config[nevis_model].size=(0.3308074678159134, 0.34759154155524086)
_viz_config[nevis_model].expanded=True
_viz_config[nevis_model].has_layout=True
_viz_config[output_node_2].pos=(0.9215686274509804, 0.5296720357485988)
_viz_config[output_node_2].size=(0.07843137254901959, 0.2)
_viz_config[stim].pos=(0.07200814658017135, 0.8193972366993354)
_viz_config[stim].size=(0.06452063848378256, 0.2)