_viz_0 = nengo_gui.components.Value(a)
_viz_config[_viz_0].max_value = 1
_viz_config[_viz_0].min_value = -1
_viz_config[_viz_0].show_legend = False
_viz_config[_viz_0].legend_labels = ['label_0', 'label_1']
_viz_config[_viz_0].synapse = 0.01
_viz_config[_viz_0].x = 0.7593477241821993
_viz_config[_viz_0].y = 1.1623226146582757
_viz_config[_viz_0].width = 0.26015863503771597
_viz_config[_viz_0].height = 0.3138484292184889
_viz_config[_viz_0].label_visible = True
_viz_1 = nengo_gui.components.Value(output_node_2)
_viz_config[_viz_1].max_value = 1
_viz_config[_viz_1].min_value = -1
_viz_config[_viz_1].show_legend = False
_viz_config[_viz_1].legend_labels = ['label_0']
_viz_config[_viz_1].synapse = 0.01
_viz_config[_viz_1].x = 1.2837568320944615
_viz_config[_viz_1].y = 0.6833871399002759
_viz_config[_viz_1].width = 0.1809276220923576
_viz_config[_viz_1].height = 0.21826625123433124
_viz_config[_viz_1].label_visible = True
_viz_2 = nengo_gui.components.Slider(stim)
_viz_config[_viz_2].max_value = 1
_viz_config[_viz_2].min_value = -1
_viz_config[_viz_2].x = -0.1301844598475416
_viz_config[_viz_2].y = 0.48164487030303427
_viz_config[_viz_2].width = 0.0904638110461788
_viz_config[_viz_2].height = 0.21826625123433124
_viz_config[_viz_2].label_visible = True
_viz_net_graph = nengo_gui.components.NetGraph()
_viz_progress = nengo_gui.components.Progress()
_viz_config[_viz_progress].x = 0
_viz_config[_viz_progress].y = 0
_viz_config[_viz_progress].width = 100
_viz_config[_viz_progress].height = 100
_viz_config[_viz_progress].label_visible = True
_viz_sim_control = nengo_gui.components.SimControl()
_viz_config[_viz_sim_control].shown_time = 0.5
_viz_config[_viz_sim_control].kept_time = 4.0
_viz_config[a].pos=(0.46465037798045716, 0.6430499485215112)
_viz_config[a].size=(0.09803921568627451, 0.14285714285714285)
_viz_config[b].pos=(0.8734075896538807, -0.137104600321423)
_viz_config[b].size=(0.33333333333333337, 0.14285714285714285)
_viz_config[model].pos=(0.21582071781667958, 0.20049813533638314)
_viz_config[model].size=(0.48349793772471555, 0.48349793772471555)
_viz_config[model].expanded=True
_viz_config[model].has_layout=True
_viz_config[output_node_2].pos=(0.9365555298251966, 0.48983310732418267)
_viz_config[output_node_2].size=(0.1, 0.1)
_viz_config[stim].pos=(0.06457821143970886, 0.41381821630232885)
_viz_config[stim].size=(0.07843137254901959, 0.11428571428571428)