_viz_2 = nengo_gui.components.Value(output_node_1)
_viz_config[_viz_2].max_value = 1
_viz_config[_viz_2].min_value = -1
_viz_config[_viz_2].show_legend = False
_viz_config[_viz_2].legend_labels = ['label_0', 'label_1']
_viz_config[_viz_2].synapse = 0.01
_viz_config[_viz_2].x = 1.506073902151406
_viz_config[_viz_2].y = 1.0794136561436787
_viz_config[_viz_2].width = 0.2668724062644957
_viz_config[_viz_2].height = 0.3236715412441067
_viz_config[_viz_2].label_visible = True
_viz_4 = nengo_gui.components.Slider(stim1)
_viz_config[_viz_4].max_value = 1
_viz_config[_viz_4].min_value = -1
_viz_config[_viz_4].x = 1.2230648684865908
_viz_config[_viz_4].y = 0.4917794559146847
_viz_config[_viz_4].width = 0.18515812493969191
_viz_config[_viz_4].height = 0.37744583886716676
_viz_config[_viz_4].label_visible = True
_viz_net_graph = nengo_gui.components.NetGraph()
_viz_progress = nengo_gui.components.Progress()
_viz_config[_viz_progress].x = 0
_viz_config[_viz_progress].y = 0
_viz_config[_viz_progress].width = 100
_viz_config[_viz_progress].height = 100
_viz_config[_viz_progress].label_visible = True
_viz_sim_control = nengo_gui.components.SimControl()
_viz_config[_viz_sim_control].shown_time = 0.5
_viz_config[_viz_sim_control].kept_time = 4.0
_viz_config[a].pos=(0.5331640162702258, 0.4812912992954269)
_viz_config[a].size=(0.2129549067119755, 0.4812912992954269)
_viz_config[in_node_1].pos=(0.1046567829817473, 0.6663307830549531)
_viz_config[in_node_1].size=(0.1, 0.1)
_viz_config[model].pos=(0.20216948728172102, 0.4520799095291859)
_viz_config[model].size=(0.4032713667215939, 0.4032713667215939)
_viz_config[model].expanded=True
_viz_config[model].has_layout=True
_viz_config[nevis_model].pos=(0.7402470679209991, 0.9898526838334216)
_viz_config[nevis_model].size=(0.31362796426038436, 0.34759154155524086)
_viz_config[nevis_model].expanded=True
_viz_config[nevis_model].has_layout=True
_viz_config[output_node_1].pos=(0.644725375806068, 0.7343737980557216)
_viz_config[output_node_1].size=(0.1, 0.1)
_viz_config[stim1].pos=(0.8988171669550399, 0.41721950500359883)
_viz_config[stim1].size=(0.1, 0.1)